delete-push-release-push-issue-pull-pull-create-push-pull-comment-comment-pull-comment-push-comment-pull-pull-comment,create-push-gollum-gollum-gollum-gollum-push-gollum-gollum-gollum-gollum,create-push-gollum-gollum-gollum-gollum-gollum-gollum-gollum-gollum-gollum-gollum-gollum-push-issue,push-push-push-gollum-push-gollum-push-gollum-gollum-issue-gollum-gollum-gollum-gollum-gollum-gollum-gollum-gollum-gollum-gollum-gollum-gollum-gollum-gollum-gollum-gollum-gollum-gollum-gollum-gollum-gollum-gollum-push-gollum-gollum-gollum-gollum-gollum-gollum-gollum-push-gollum-gollum-gollum-push-gollum-gollum-gollum-push-push-gollum-gollum-gollum-gollum-gollum-gollum-gollum-gollum-gollum-gollum-gollum,push-push-push-push-create-push-delete-create-push-push-push-push-delete-push-push,push-gollum-gollum-gollum-release-delete-create-create-push-pull-pull-issue-issue-pull-pull-pull-comment-comment-push,